# HF900 鱼眼相机标定参数
# 标定时间: 2026-05-30
# 图像分辨率: 1920x1080
# 重投影误差 RMS: 0.9316 px
# 棋盘格: 10x7 内角点, 格子大小 15x15 mm

image_width: 1920
image_height: 1080

# 内参矩阵 K (3x3)
# [fx  0  cx]
# [ 0 fy  cy]
# [ 0  0   1]
camera_matrix:
  rows: 3
  cols: 3
  data: [492.18903562, 0.00000000, 964.79922148,
         0.00000000, 493.09671636, 539.46187420,
         0.00000000, 0.00000000, 1.00000000]

# 畸变系数 D (k1, k2, k3, k4) — 鱼眼模型 (Kannala-Brandt)
distortion_coefficients:
  rows: 1
  cols: 4
  data: [-0.13209352, 0.18585684, -0.26624088, 0.12803714]

# 各参数含义
# fx=492.19  fy=493.10  (焦距, 单位: 像素)
# cx=964.80  cy=539.46  (主点坐标)
# k1=-0.132094  k2=0.185857
# k3=-0.266241  k4=0.128037